7613 1124
1896 3145
5838 785
9437 9129
9085 263
5670 5056
6310 1361
773 7480
3631 1148
8492 3269
572 3879
2103 253
3183 2843
5592 2388
834 4046
353 5271
701 2430
4153 6150
5895 7054
3386 2655
5450 851
960 1431
4201 4287
5320 5508
5354 5244
172 5257
8539 4042
6343 7683
2092 7408
4324 9438
6434 4268
179 3133
991 9676
7744 1384
4817 3619
6104 6720
9809 4962
9884 6971
3200 3183
2140 8586
5286 2945
7194 7890
4968 5167
8890 7077
1221 7336
6613 7813
6737 4642
9257 5784
6403 1402
8668 6285
1019 5587
1759 8847
9880 2328
9434 8907
8546 1381
9587 3269
9280 6444
7020 3031
6011 2207
3849 7313
6480 2977
3181 2898
4213 1390
6618 6743
1041 620
5798 2698
7936 8051
8292 7848
2524 6341
2594 143
7081 6299
6508 5593
7268 6340
3115 3914
9646 4919
5482 8095
9498 4212
6383 1826
1797 7406
3966 1472
2411 857
644 7339
2430 7050
72 6349
9878 2328
3223 1808
9221 9418
1056 1944
2550 940
6271 8380
9212 4525
4466 2944
66 165
3655 431
7058 7356
5980 4928
2818 3687
4037 5052
3252 5091
4749 2033
1979 3375
5659 8597
5685 7024
6334 4746
9853 5188
8029 7466
1781 6623
6446 9359
9558 5992
841 3713
6273 3336
2508 5080
555 7418
6995 3196
5409 906
8534 8037
8859 5159
4915 8304
9344 2237
5663 9850
9662 9481
5180 8186
6810 9785
7582 6169
5988 6790
4359 8804
8444 9601
7272 9821
4897 5809
7338 3066
6355 7621
6039 3504
7245 2452
4124 1509
2760 1501
7698 6591
4354 8483
588 5079
3638 3678
6757 1646
3861 8033
1588 4569
5651 8511
8599 6635
8874 429
70 8811
2600 7229
935 3321
2095 9450
6756 5153
3106 5915
3424 9728
6211 1489
957 7807
5648 1619
2174 2121
6432 5758
7430 5743
6232 8899
9821 1409
1803 422
7777 9336
7717 6180
2578 249
8296 2116
7058 3207
6479 8878
4334 4733
9415 15
9044 6462
9216 875
8576 9775
1100 1842
5966 6176
5539 900
7613 8535
5453 1940
2413 6145
6573 7415
1723 8119
9555 6179
8075 717
7091 5968
5008 5058
974 89
4639 3384
7959 3188
4429 7078
327 7058
7197 4109
9747 6291
8032 1869
9951 3038
6277 9285
57 9947
4130 9610
4465 3746
3679 32
3231 4584
9648 7128
9561 2251
335 6483
4408 9997
770 782
2052 7924
7373 6935
2311 7867
5749 8033
484 6386
3757 9415
1945 8233
1717 2951
4829 2410
993 5876
9697 8815
9511 4183
5732 8608
7398 7703
4590 1356
5258 7230
5453 2291
6943 2774
703 556
8956 7543
8355 2144
5803 1615
601 47
1925 3049
8977 9770
6761 8863
8327 4090
2473 2659
2229 7432
2604 3659
8864 9635
5426 4313
2948 525
4748 3175
2696 1677
4489 4621
6839 5431
1405 4917
7523 7744
5785 4201
4599 7382
5752 700
4721 7718
7502 6965
1793 8029
2407 6055
8902 4794
3369 8163
2294 1343
2656 4635
1407 5753
5721 6320
7813 3693
4152 7911
8247 3228
9923 3087
810 1018
738 6706
9472 7487
2220 6485
1564 4528
9311 6547
5679 7637
7733 6115
9822 657
7993 3698
5111 3469
1011 8404
1117 7764
4523 3030
9878 9249
4387 2917
3620 1651
2143 7813
3444 2197
7081 3596
5188 2246
6580 4939
762 7603
475 3932
5301 9290
4567 4795
8553 3037
1383 2981
128 4304
4722 580
8825 2002
3927 184
1232 7045
8074 1016
1310 8431
3625 984
7874 2274
8992 2642
7320 7984
9627 894
4912 9053
7263 5825
9399 7465
2435 6748
3426 9910
7928 1312
2990 4080
8956 9462
4707 8491
5336 9127
7861 1516
954 8946
4205 8711
3306 8406
2136 5928
9349 2698
6711 7752
826 3866
6622 7805
5278 4051
5446 3219
9151 6255
5580 259
4150 7900
6896 2155
7279 7644
8195 9850
4386 4243
3421 6286
5728 9138
6168 7488
7344 2100
5298 3576
4270 3349
6491 2596
1455 5716
8220 6206
1672 7833
1479 1783
2347 9384
7859 2748
4435 5471
1868 7673
5065 6165
5819 7641
4450 9310
597 8094
1674 8585
3117 7063
1374 2333
6313 4480
8599 7172
1130 9294
5206 1373
3546 9411
5112 9182
9387 841
5101 9635
353 4121
7480 8289
1825 614
2345 4699
19 2482
9168 8823
9162 3670
3161 8705
7701 7741
3308 2470
2530 1635
4163 4672
4602 7501
4188 2954
5116 7999
9909 1093
9902 1477
4788 9937
4943 6313
2709 6594
2688 6920
4438 3524
879 1279
4089 3628
2254 4324
972 5798
4931 3215
2872 7778
8224 17
3795 1692
2256 3891
8725 2280
1917 2644
2357 2140
1014 2089
2973 2735
2942 6253
7938 7583
4610 3773
622 7265
5716 2427
4037 7924
5506 4536
6003 5616
8875 1843
317 50
2569 7796
3857 4184
5565 4438
1800 8923
2374 5651
8986 156
385 8250
444 5255
3542 8139
6050 8932
1742 8667
6821 6205
4828 9684
9192 4334
415 4435
3908 3336
7682 3633
4683 9226
7232 6137
8590 1398
9147 8075
7961 7254
1437 3846
6142 5983
7887 1973
6261 3461
9415 1495
6231 6160
9118 6231
4429 4872
6391 9778
3759 1545
7115 4337
2845 6821
4280 7923
6929 6944
6905 998
2852 5065
739 5123
7354 2944
1851 3717
6806 3960
5069 1494
960 9094
3851 3315
1794 5438
4742 9837
9053 483
7399 4433
1040 2578
3999 4217
8342 9272
7561 4302
3629 7699
3704 537
9969 4504
3697 7872
770 7093
1698 3530
2547 6380
6139 1875
1053 7108
8214 3315
8107 7063
1210 6443
6701 7180
4915 7909
3818 3506
3089 981
9985 5316
710 4172
8901 2488
221 1650
1358 251
2149 3723
9342 7361
3913 8093
1067 6461
6630 7672
4803 7313
3281 8579
2761 8851
1681 8364
3361 2943
9742 1084
5968 3612
6980 4582
6247 130
6230 4133
2954 8742
5756 2708
1326 7026
6282 1525
9542 6905
8355 1787
3858 7310
6712 5313
8351 9933
4311 6138
6598 171
5966 5048
9156 4665
4711 4428
3681 6685
8395 1738
4982 1045
5336 3350
2749 1007
5167 9117
6735 7142
7571 4419
3528 296
1460 1794
5146 2469
2410 7384
2353 5739
627 248
1784 5071
7270 9859
6348 4197
5353 4160
3933 4950
3785 1579
3847 1040
2707 8856
213 1686
4894 2704
6740 1679
8093 8852
3466 7227
2417 1486
5569 7708
4333 849
5899 9599
833 9000
8512 9598
9173 9137
2614 2705
8136 6604
773 2462
2311 7925
8170 2200
5105 8823
2198 2548
5068 6887
5167 4532
4650 1402
3138 3075
698 5167
1815 175
3778 5040
8074 7404
5324 6051
8210 4075
8488 4824
7764 2749
4132 5584
7002 941
6048 1365
7 1288
9802 8175
48 4553
6067 3400
9493 2778
8792 630
4805 7561
9887 2081
5416 7086
6945 5728
1793 6733
1989 9112
9741 8693
2552 6388
208 6948
6350 6556
5278 4722
1968 3222
5650 5672
3740 3668
6219 1401
8714 7382
8647 3867
5731 7243
2964 9100
1708 7280
312 1554
3741 8115
571 3343
1136 8622
5557 2471
6899 7622
8506 1694
1958 3919
4268 5455
533 7172
858 8068
8621 7040
1791 6693
8157 3283
1767 4756
8939 6436
3458 7970
1696 5561
6963 4221
2988 3363
9952 1117
5675 1639
6689 9052
3575 3052
4828 6507
7757 692
7284 652
6648 8634
8114 4577
9866 3331
2917 4353
5771 7274
5408 1645
4265 1212
9004 2238
487 1908
3615 8495
2482 8651
7902 1585
3188 1174
5676 257
1036 3345
4657 9277
484 3536
2981 3541
5411 2978
3277 5634
2275 8047
736 7651
3261 621
2979 9067
1157 630
727 1010
4970 4885
2918 7336
9477 3681
5696 3976
7188 4943
326 6341
3214 9420
6722 1380
5488 7192
3592 6485
9029 6916
7680 7398
9056 4334
3551 5435
8364 4682
4238 1232
2678 9728
7935 1950
5995 3781
960 5885
649 5570
3039 6389
4103 9319
7293 8378
4476 3564
6374 7836
566 1468
3704 7828
2082 6236
5986 4736
7678 9967
8057 5239
2633 8637
2384 4747
6100 965
4024 2955
4407 7979
5550 7016
2286 9019
7874 9758
5669 9575
6063 1147
8268 4872
1882 5223
5486 7078
2867 9845
5708 4790
4700 3956
461 8111
2655 5862
7933 6276
533 7703
7600 5957
9311 5175
5480 5856
2611 3607
7246 3289
1147 5042
5665 3264
9043 4144
8584 7959
8862 9422
4260 5778
4147 1709
6711 4224
3277 2022
3385 2291
1932 4767
7421 7206
510 5242
5862 6381
1066 4482
8496 880
7495 3578
3371 34
717 3397
6929 1631
7686 9095
6993 7507
564 6926
7942 3693
6084 3313
3040 9213
6112 6275
693 9842
1625 1070
221 2524
2820 1495
5991 2873
2755 5794
5095 7974
2810 1206
5981 7059
1904 1704
8684 3969
540 8266
9932 3005
267 5506
6258 3027
9628 3943
6641 1836
9248 3283
3413 2044
3783 9572
2211 6891
6638 3467
1799 4100
251 388
4839 7309
2391 7938
9399 3301
5327 6270
2311 497
5425 5092
7355 3275
7706 8517
4137 1364
5087 2958
7224 3737
5811 239
9348 7583
8060 2262
3930 4381
4330 3021
2055 1947
8308 904
964 8585
4853 8436
4399 1862
9706 5689
8459 1651
3916 7636
8641 4975
4275 4334
5348 2723
567 2069
1237 9695
1619 3469
6174 8459
5909 8005
8809 6996
1037 3162
3654 4807
8855 2608
9101 3187
8839 5342
288 7566
5223 1792
2634 7764
9267 5617
2578 2133
1151 7192
8754 8143
4015 6533
992 5051
3694 4865
6825 675
1141 9951
8441 7341
5196 9583
2582 7092
4038 3586
1685 8712
6511 7885
3739 6535
1081 3643
8714 6978
3879 4457
9888 1025
5868 8005
229 5581
3300 9718
1605 9242
7408 8152
5216 232
8375 3332
5329 7143
3097 6099
1721 2049
9640 5941
6739 5364
7010 4100
6793 8632
6584 8219
2271 9056
5662 9667
7577 7014
9200 330
516 4184
4580 5021
6330 5136
7745 5606
6085 831
2108 3448
7800 5913
8448 1172
5240 5593
886 2433
9912 6482
2373 8256
7655 8165
8257 9990
9488 6050
1223 9234
54 5226
7884 6397
8040 992
663 2802
5899 6911
6551 8272
3651 2121
3557 5741
8566 7815
3733 9357
1600 4339
2457 3192
5421 8023
4854 1172
6598 4958
4158 9000
4447 2107
8877 1271
120 7427
3618 9976
1642 8928
640 3788
2998 2836
8560 1343
9297 9203
2103 1398
9305 440
3981 7708
108 3195
3996 8972
4079 6419
8701 7395
2623 98
8606 2471
4065 1750
5611 7638
571 6907
8971 2521
2114 5132
7577 1712
3556 7696
8333 2977
1106 2105
4882 6316
7866 3113
61 7499
9245 1167
3444 3345
5638 1400
9507 7263
2038 9759
9845 8935
7372 5256
6783 9259
6944 6912
2564 2902
9586 8533
4685 3225
7363 5911
2736 7397
3655 671
5176 8259
3229 7622
9579 7626
5441 4328
9724 7654
2783 5556
5413 691
3953 9581
8809 3787
8571 3083
4328 5262
259 5318
6336 6457
947 1916
8262 839
2111 3536
6910 4074
2727 5227
3327 9241
9436 5934
5658 6561
9597 3363
5608 5574
9315 7963
7679 7084
9175 8372
6229 3336
7031 258
4323 5726
4750 1852
2826 103
7576 3978
5437 4106
5809 23
2326 3997
4430 656
5749 764
4407 2482
8587 5981
558 2816
9850 1922
1600 9613
2010 76
2297 1642
7002 2630
4556 4435
1080 9545
8473 4646
8593 3442
5040 3824
5645 1724
3388 6637
812 8969
3247 5949
4392 8019
7943 9579
660 6943
3360 2421
4610 7335
6519 1701
6260 2128
7857 8385
2893 5943
3223 9953
3265 1038
5987 9701
1877 1134
1329 3890
869 2486
9094 2555
1892 3926
5622 6405
1205 2459
1675 5258
5569 7001
2149 2745
9519 7934
7767 6740
2274 7071
9150 5712
6539 9892
2560 338
5070 4282
453 3780
9016 4686
841 6218
8270 1165
6354 2588
2669 5181
7386 7843
5428 6226
8137 5756
2519 5623
